# oST version 5.0 parameters


[image]

width
640

height
360

[narrow_stereo]

camera matrix
441.001106 0.000000 310.011982
0.000000 439.668207 176.199423
0.000000 0.000000 1.000000

distortion
-0.123574 -0.159153 0.006381 -0.001073 0.000000

rectification
1.000000 0.000000 0.000000
0.000000 1.000000 0.000000
0.000000 0.000000 1.000000

projection
440.312042 0.000000 309.527586 0.000000
0.000000 438.446899 175.709978 0.000000
0.000000 0.000000 1.000000 0.000000
